000110010
000110000
000111000
000111000
000110110
000111001
000110010
000110010
000110101
000110100
000110001
000110111
000110111
000110011
000111000
000110100
000110101
000110000
000110001
100000111
000110011
000110010
000110001
000110101
000110011
100010000
100010000
100010010
100000011
000110001
000110100
000110000
000110000
100000111
000110000
000110110
000110100
000110011
000110000
000110111
100011111
100010001
100010000
100001101
000110101
100001110
100000000
100011111
000110001
000110000
000110101
000110010
100100111
100000001
000111001
100011110
100011111
100101101
000110001
000110110
100100110
100010110
100101110
000110000
